1.965639953613281250e+02 8.537549407114624067e-01
1.973638181068997994e+02 2.406417112299465977e+00
1.981635725308716474e+02 3.331168831168831002e+00
1.989632586176355176e+02 1.009090909090909172e+01
1.997628763515832020e+02 3.728155339805825363e+00
2.005624257171064642e+02 4.035190615835777095e+00
2.013619066985971529e+02 4.218750000000000000e+00
2.021613192804470032e+02 3.668212054021366519e+00
2.029606634470478639e+02 3.960935064935065419e+00
2.037599391827914985e+02 3.647070935859157093e+00
2.045591464720697275e+02 3.843260188087774143e+00
2.053582852992743426e+02 3.469242074322905545e+00
2.061573556487971359e+02 3.793138552377074202e+00
2.069563575050298994e+02 3.983754311783687552e+00
2.077552908523644533e+02 4.091981413082330654e+00
2.085541556751925611e+02 4.036503138804929058e+00
2.093529519579060434e+02 3.888094976365835009e+00
2.101516796848966919e+02 4.092939318745770549e+00
2.109503388405562987e+02 3.599213286713286220e+00
2.117489294092766841e+02 3.916241062308478238e+00
2.125474513754496115e+02 4.388151174668028176e+00
2.133459047234669015e+02 3.988255223037831865e+00
2.141442894377203459e+02 3.662425610506874207e+00
2.149426055026017366e+02 3.604015616285554113e+00
2.157408529025028656e+02 3.625245873599589608e+00
2.165390316218155533e+02 3.732628836132020123e+00
2.173371416449315632e+02 3.526488810216209302e+00
2.181351829562427440e+02 3.775416315687163848e+00
2.189331555401408309e+02 4.038684719535782897e+00
2.197310593810176726e+02 3.902764406546554543e+00
2.205288944632650328e+02 3.625292740046837991e+00
2.213266607712747032e+02 3.981388690050107648e+00
2.221243582894385327e+02 3.883075124232680420e+00
2.229219870021482848e+02 3.964277903331631769e+00
2.237195468937957230e+02 4.055335968379446321e+00
2.245170379487726962e+02 4.264418811002661513e+00
2.253144601514709962e+02 3.806642503143723655e+00
2.261118134862823865e+02 4.070556309362279634e+00
2.269090979375987160e+02 4.170179301667190863e+00
2.277063134898117198e+02 3.928076837167745694e+00
2.285034601273132466e+02 3.937624419376243967e+00
2.293005378344950600e+02 3.737826624936312570e+00
2.300975465957489803e+02 3.745038281424217352e+00
2.308944863954667994e+02 3.821214528124774468e+00
2.316913572180403094e+02 3.796098638203901032e+00
2.324881590478613020e+02 4.029121086382497552e+00
2.332848918693215978e+02 3.655202628696604172e+00
2.340815556668129602e+02 4.132674020540129334e+00
2.348781504247272096e+02 3.895653479468508706e+00
2.356746761274561379e+02 4.007338625131046328e+00
2.364711327593915371e+02 3.830085736554949438e+00
2.372675203049252275e+02 3.908868637474994578e+00
2.380638387484489726e+02 3.662087109032446719e+00
2.388600880743545929e+02 3.909895414320192941e+00
2.396562682670338802e+02 4.118227348611322114e+00
2.404523793108786265e+02 3.846586285967897201e+00
2.412484211902806237e+02 4.023302161582094527e+00
2.420443938896316922e+02 4.064956746091971773e+00
2.428402973933235955e+02 3.953302703924079342e+00
2.436361316857481825e+02 3.741757041997234357e+00
2.444318967512971881e+02 4.067051302042725247e+00
2.452275925743624612e+02 3.715327334781259871e+00
2.460232191393357652e+02 3.848727272727272997e+00
2.468187764306088923e+02 3.754492380013647601e+00
2.476142644325736910e+02 3.734231924401142155e+00
2.484096831296219250e+02 3.979338842975206347e+00
2.492050325061453577e+02 3.750170029471775024e+00
2.500003125465358380e+02 4.241626794258373856e+00
2.507955232351851578e+02 4.241878733327878237e+00
2.515906645564850805e+02 4.161580182951509777e+00
2.523857364948274551e+02 3.911342287089511149e+00
2.531807390346040165e+02 3.859193438140807064e+00
2.539756721602066136e+02 4.093090909090909335e+00
2.547705358560270099e+02 3.929762545147160946e+00
2.555653301064570257e+02 3.856268419859441909e+00
2.563600548958884815e+02 4.208406304728546488e+00
2.571547102087130838e+02 3.823622761278621773e+00
2.579492960293227384e+02 3.890145148968679134e+00
2.587438123421091518e+02 3.781664098613251479e+00
2.595382591314641445e+02 3.538552875695732070e+00
2.603326363817795936e+02 4.108695652173913970e+00
2.611269440774472059e+02 3.910344827586207384e+00
2.619211822028588017e+02 4.194476409666282990e+00
2.627153507424062013e+02 4.127071823204419232e+00
2.635094496804811683e+02 4.333417275245530220e+00
2.643034790014755231e+02 3.965806883223073065e+00
2.650974386897810291e+02 3.798701298701299134e+00
2.658913287297895636e+02 4.126045733407696758e+00
2.666851491058928332e+02 3.901660079051382901e+00
2.674788998024826583e+02 3.801777170198222588e+00
2.682725808039509161e+02 3.773943054357205007e+00
2.690661920946892565e+02 3.876258324299209690e+00
2.698597336590896134e+02 3.684799411115200041e+00
2.706532054815436936e+02 4.025794274929223704e+00
2.714466075464433743e+02 3.933038438071994491e+00
2.722399398381803621e+02 4.046624183270145281e+00
2.730332023411465343e+02 4.230743801652893765e+00
2.738263950397336544e+02 3.787135806400254712e+00
2.746195179183334858e+02 3.549113869555858169e+00
2.754125709613379058e+02 4.026222257325644982e+00
2.762055541531386211e+02 3.861180449311539142e+00
2.769984674781275089e+02 4.207792207792206973e+00
2.777913109206962758e+02 4.039633391132028351e+00
2.785840844652368560e+02 3.968037263090266720e+00
2.793767880961408991e+02 3.712159962799349344e+00
2.801694217978002825e+02 4.034030140982013179e+00
2.809619855546068266e+02 3.796875000000000444e+00
2.817544793509522378e+02 4.199608291170229712e+00
2.825469031712283936e+02 4.060281964025279855e+00
2.833392569998270574e+02 4.244461420932009510e+00
2.841315408211400495e+02 4.259553228050077855e+00
2.849237546195591335e+02 3.942870897857659429e+00
2.857158983794761298e+02 4.070082644628099544e+00
2.865079720852828586e+02 4.098937636850215505e+00
2.872999757213710268e+02 3.934144595561917868e+00
2.880919092721325114e+02 3.992897727272727959e+00
2.888837727219591329e+02 3.902771025765678026e+00
2.896755660552425979e+02 3.989434676338406316e+00
2.904672892563747837e+02 4.097419821557751973e+00
2.912589423097474537e+02 3.891299049475993588e+00
2.920505251997524283e+02 3.849831039314267400e+00
2.928420379107814711e+02 4.071061014457241001e+00
2.936334804272264023e+02 3.770148564390731760e+00
2.944248527334789856e+02 4.169425193640440064e+00
2.952161548139310412e+02 4.066677225213810587e+00
2.960073866529743896e+02 4.136322276449665658e+00
2.967985482350007942e+02 3.888000000000000345e+00
2.975896395444020754e+02 4.062695924764890165e+00
2.983806605655699968e+02 4.097454545454545460e+00
2.991716112828963787e+02 3.871291866028708117e+00
2.999624916807730415e+02 4.285857656602826360e+00
3.007533017435917486e+02 4.162245228081526527e+00
3.015440414557443205e+02 4.233401430030643731e+00
3.023347108016225206e+02 4.416356877323419639e+00
3.031253097656181694e+02 4.028191320874247694e+00
3.039158383321230872e+02 4.124493846764589300e+00
3.047062964855290375e+02 4.075550729134346462e+00
3.054966842102278406e+02 4.247141094199917255e+00
3.062870014906112601e+02 4.175694771549693485e+00
3.070772483110711164e+02 3.866118523115110062e+00
3.078674246559991730e+02 4.308510638297871509e+00
3.086575305097873070e+02 4.122267975926512840e+00
3.094475658568272252e+02 3.880601792573623587e+00
3.102375306815107479e+02 4.112075257481145663e+00
3.110274249682297523e+02 3.805271651425497836e+00
3.118172487013759451e+02 4.111146803726309251e+00
3.126070018653411466e+02 3.901011844066201828e+00
3.133966844445171773e+02 4.100939340869288685e+00
3.141862964232958007e+02 4.119516846789573528e+00
3.149758377860688370e+02 4.524152968802415131e+00
3.157653085172280498e+02 3.954431151413549284e+00
3.165547086011653164e+02 3.830355052672649308e+00
3.173440380222723434e+02 3.964556962025316267e+00
3.181332967649409511e+02 3.874942316566681644e+00
3.189224848135630168e+02 3.921259842519685179e+00
3.197116021525301903e+02 4.219093350695857225e+00
3.205006487662344057e+02 3.890538033395176676e+00
3.212896246390673696e+02 4.006465347315304015e+00
3.220785297554209592e+02 4.233766233766234066e+00
3.228673640996868812e+02 4.165677664372181788e+00
3.236561276562570129e+02 3.875598086124402375e+00
3.244448204095231176e+02 3.939700805523590255e+00
3.252334423438769591e+02 3.849633068743447240e+00
3.260219934437104143e+02 4.087342474439248363e+00
3.268104736934151902e+02 3.713286713286712448e+00
3.275988830773831637e+02 3.867509881422924067e+00
3.283872215800060417e+02 4.159447881960971038e+00
3.291754891856757581e+02 4.379332897318509055e+00
3.299636858787839628e+02 4.228968189891813445e+00
3.307518116437225331e+02 3.959595959595959780e+00
3.315398664648832892e+02 4.138453047386265737e+00
3.323278503266579378e+02 3.869518716577539763e+00
3.331157632134383562e+02 4.097218976396354684e+00
3.339036051096163078e+02 3.609163636363636574e+00
3.346913759995836131e+02 4.227505033297196846e+00
3.354790758677320355e+02 4.351439258416003319e+00
3.362667046984533954e+02 3.980120804342839769e+00
3.370542624761395132e+02 4.256834075015893504e+00
3.378417491851820955e+02 4.057803468208092568e+00
3.386291648099730196e+02 4.257627646326277215e+00
3.394165093349041058e+02 4.122377622377621620e+00
3.402037827443670608e+02 4.334489937543373195e+00
3.409909850227537618e+02 4.241626794258373856e+00
3.417781161544559723e+02 4.077583654130886082e+00
3.425651761238655126e+02 4.051641513482583612e+00
3.433521649153741464e+02 3.748691830042559126e+00
3.441390825133736939e+02 4.368223870326477964e+00
3.449259289022559187e+02 4.194097196538205452e+00
3.457127040664126412e+02 4.190687361419068502e+00
3.464994079902356816e+02 4.182416267942584476e+00
3.472860406581168036e+02 4.166048237476809746e+00
3.480726020544478274e+02 4.181966969201011963e+00
3.488590921636205167e+02 4.063525046382189032e+00
3.496455109700266917e+02 4.243382241718347991e+00
3.504318584580581728e+02 4.009745454545454280e+00
3.512181346121067236e+02 4.106796116504854766e+00
3.520043394165641644e+02 4.003757768463651168e+00
3.527904728558222587e+02 4.025913338997451518e+00
3.535765349142728269e+02 4.123318879988241648e+00
3.543625255763076893e+02 4.288734012407137364e+00
3.551484448263186096e+02 4.215326821938392143e+00
3.559342926486974079e+02 4.362762937622825632e+00
3.567200690278358479e+02 4.108695652173913970e+00
3.575057739481257499e+02 4.240920008734260449e+00
3.582914073939588775e+02 4.523749349587452784e+00
3.590769693497271078e+02 4.528953145106351386e+00
3.598624597998221475e+02 4.284924124237696752e+00
3.606478787286358170e+02 4.085343228200370547e+00
3.614332261205599934e+02 4.170686456400741982e+00
3.622185019599863836e+02 4.357908650315758692e+00
3.630037062313068077e+02 4.327952421410365957e+00
3.637888389189130862e+02 4.237476808905380032e+00
3.645739000071969826e+02 4.264726169126777044e+00
3.653588894805503173e+02 4.394698695382067477e+00
3.661438073233648538e+02 4.126794258373205793e+00
3.669286535200324693e+02 4.274607224385658988e+00
3.677134280549448704e+02 4.548336389834949145e+00
3.684981309124938775e+02 4.515654742369544117e+00
3.692827620770713679e+02 4.194240542066629551e+00
3.700673215330689914e+02 4.555692347566902001e+00
3.708518092648786819e+02 4.276085231088589289e+00
3.716362252568921463e+02 4.194050234546642386e+00
3.724205694935012616e+02 4.290046224961479915e+00
3.732048419590977346e+02 4.253479419603198863e+00
3.739890426380734425e+02 4.487391952309985221e+00
3.747731715148201488e+02 4.856692340348110370e+00
3.755572285737296170e+02 4.316920714990677865e+00
3.763412137991937243e+02 4.759099589144146769e+00
3.771251271756041774e+02 4.837815541989771262e+00
3.779089686873528535e+02 4.600845665961944775e+00
3.786927383188314593e+02 4.694657701064224753e+00
3.794764360544319288e+02 4.939825115123919197e+00
3.802600618785459119e+02 4.813510988740842933e+00
3.810436157755652857e+02 4.762127578304048647e+00
3.818270977298818707e+02 5.003841229193342066e+00
3.826105077258873735e+02 4.995637075950494221e+00
3.833938457479736712e+02 4.805468937395059648e+00
3.841771117805325275e+02 5.070885705933936727e+00
3.849603058079557627e+02 5.295742232451093656e+00
3.857434278146351403e+02 5.626873126873126907e+00
3.865264777849624807e+02 5.771893136586855100e+00
3.873094557033296041e+02 6.070817673946164561e+00
3.880923615541282174e+02 6.233485938521910796e+00
3.888751953217501978e+02 6.463273801530818652e+00
3.896579569905873655e+02 6.788223592599960554e+00
3.904406465450314272e+02 6.811455360782714408e+00
3.912232639694742602e+02 6.869321876909130431e+00
3.920058092483076280e+02 6.890276233644060611e+00
3.927882823659233509e+02 6.902129402129402180e+00
3.935706833067131925e+02 6.903693034588125776e+00
3.943530120550689730e+02 6.982339835896321567e+00
3.951352685953824562e+02 6.928936232307019161e+00
3.959174529120454622e+02 6.873091410020519376e+00
3.966995649894498115e+02 6.922140853916510572e+00
3.974816048119872676e+02 6.844741956380910430e+00
3.982635723640496508e+02 6.802536865159480861e+00
3.990454676300287247e+02 6.787495246360419010e+00
3.998272905943163096e+02 6.771421899138932332e+00
4.006090412413042259e+02 6.697958146234007870e+00
4.013907195553842371e+02 6.654941952149949991e+00
4.021723255209481636e+02 6.620734896053915186e+00
4.029538591223877688e+02 6.635861588649875742e+00
4.037353203440948732e+02 6.545595803079024222e+00
4.045167091704612972e+02 6.590910918227501192e+00
4.052980255858788041e+02 6.527283193863200772e+00
4.060792695747392145e+02 6.525893936776645532e+00
4.068604411214342917e+02 6.472353563738549198e+00
4.076415402103558563e+02 6.450136210016045091e+00
4.084225668258956716e+02 6.431346817894595169e+00
4.092035209524456150e+02 6.423424800510158406e+00
4.099844025743973930e+02 6.381848415795572826e+00
4.107652116761428260e+02 6.347193609949067117e+00
4.115459482420737913e+02 6.338260687718459963e+00
4.123266122565819956e+02 6.340585091214031799e+00
4.131072037040592591e+02 6.265981612736543305e+00
4.138877225688974022e+02 6.265023369264682174e+00
4.146681688354881885e+02 6.271798232663320150e+00
4.154485424882234383e+02 6.237897468881580920e+00
4.162288435114949152e+02 6.240985443611346106e+00
4.170090718896944963e+02 6.232543958830937036e+00
4.177892276072138884e+02 6.195682918480120982e+00
4.185693106484449117e+02 6.150568356203368836e+00
4.193493209977794436e+02 6.142863936560398308e+00
4.201292586396091338e+02 6.213160745630074366e+00
4.209091235583259163e+02 6.146475676869458837e+00
4.216889157383214979e+02 6.077076834217969292e+00
4.224686351639877557e+02 6.093941987875440169e+00
4.232482818197163965e+02 6.149045045185287606e+00
4.240278556898992974e+02 6.107737048275088121e+00
4.248073567589282220e+02 6.123323492656207456e+00
4.255867850111949338e+02 6.142143012388611822e+00
4.263661404310913099e+02 6.100877496961469859e+00
4.271454230030090571e+02 6.119990572414820029e+00
4.279246327113400525e+02 6.125189998487554632e+00
4.287037695404760029e+02 6.119041913146576306e+00
4.294828334748088423e+02 6.100621300349368781e+00
4.302618244987302205e+02 6.112365221611640642e+00
4.310407425966320147e+02 6.119574647554202329e+00
4.318195877529060454e+02 6.088296842049927271e+00
4.325983599519440190e+02 6.062160638072384700e+00
4.333770591781378130e+02 6.117873042850121124e+00
4.341556854158791907e+02 6.115729754140018848e+00
4.349342386495599726e+02 6.104051910390112745e+00
4.357127188635719222e+02 6.143701088095602003e+00
4.364911260423068597e+02 6.170579004828488756e+00
4.372694601701566057e+02 6.095324219700205326e+00
4.380477212315128668e+02 6.075388675518282433e+00
4.388259092107675201e+02 6.139054533484315179e+00
4.396040240923123861e+02 6.194381761439348821e+00
4.403820658605391714e+02 6.210027169839220207e+00
4.411600344998397532e+02 6.148621670098389558e+00
4.419379299946058950e+02 6.156798205874448371e+00
4.427157523292294172e+02 6.166584897388254660e+00
4.434935014881020834e+02 6.222684606122950157e+00
4.442711774556157138e+02 6.245498194596227570e+00
4.450487802161620721e+02 6.241954412922226858e+00
4.458263097541329785e+02 6.239667975893268270e+00
4.466037660539202534e+02 6.232385929207398867e+00
4.473811490999156604e+02 6.220040095094803156e+00
4.481584588765110198e+02 6.275264844232723682e+00
4.489356953680980951e+02 6.295977590724894490e+00
4.497128585590687067e+02 6.265470364110119483e+00
4.504899484338146749e+02 6.307652474483160354e+00
4.512669649767277633e+02 6.341571254396906276e+00
4.520439081721997923e+02 6.364269986116721789e+00
4.528207780046225253e+02 6.349744777895653947e+00
4.535975744583877827e+02 6.393766886669444816e+00
4.543742975178873849e+02 6.346152879901402422e+00
4.551509471675130953e+02 6.432686307968336514e+00
4.559275233916567345e+02 6.490393574914774533e+00
4.567040261747100658e+02 6.437179339698608338e+00
4.574804555010649096e+02 6.489721755884840348e+00
4.582568113551130295e+02 6.485724959944998425e+00
4.590330937212463027e+02 6.529791917519567335e+00
4.598093025838564358e+02 6.542287169165709848e+00
4.605854379273352492e+02 6.532331197417549085e+00
4.613614997360746202e+02 6.551015780152223300e+00
4.621374879944662553e+02 6.621857093575834519e+00
4.629134026869019749e+02 6.640275586223973292e+00
4.636892437977735995e+02 6.650250014334424975e+00
4.644650113114728924e+02 6.618412728671717815e+00
4.652407052123916742e+02 6.706093111586215016e+00
4.660163254849217083e+02 6.696019008301767883e+00
4.667918721134548719e+02 6.772186307154303364e+00
4.675673450823828716e+02 6.833296985740731522e+00
4.683427443760975279e+02 6.766899925206739219e+00
4.691180699789907180e+02 6.789052487069651143e+00
4.698933218754540917e+02 6.871365423584335552e+00
4.706685000498795830e+02 6.967737419506299545e+00
4.714436044866588986e+02 7.007568210236588158e+00
4.722186351701839158e+02 6.921163805149756598e+00
4.729935920848463411e+02 6.953976230268850145e+00
4.737684752150380518e+02 7.047321906987757067e+00
4.745432845451508115e+02 7.091255432928218028e+00
4.753180200595763836e+02 7.089203015930357843e+00
4.760926817427066453e+02 7.134036995170573547e+00
4.768672695789333034e+02 7.199198273329136200e+00
4.776417835526482349e+02 7.228949658678035739e+00
4.784162236482431467e+02 7.256373590871855406e+00
4.791905898501099728e+02 7.253867920256054980e+00
4.799648821426403629e+02 7.272165154083974237e+00
4.807391005102261943e+02 7.296537270444153123e+00
4.815132449372592873e+02 7.333739546176635038e+00
4.822873154081313487e+02 7.493803171422732667e+00
4.830613119072342556e+02 7.519479796256216098e+00
4.838352344189597716e+02 7.443262625160182999e+00
4.846090829276997169e+02 7.429074354025227755e+00
4.853828574178458553e+02 7.456841288874917595e+00
4.861565578737900069e+02 7.557385010770437006e+00
4.869301842799239921e+02 7.657449302672086233e+00
4.877037366206395177e+02 7.612666596065469804e+00
4.884772148803284608e+02 7.603850695005135663e+00
4.892506190433826418e+02 7.568967400375554710e+00
4.900239490941937675e+02 7.559040686421631072e+00
4.907972050171537148e+02 7.651396314392859388e+00
4.915703867966542475e+02 7.784754543731441601e+00
4.923434944170871859e+02 7.729666729584514506e+00
4.931165278628442934e+02 7.675012277511117809e+00
4.938894871183173905e+02 7.616222606773631831e+00
4.946623721678982406e+02 7.668101134387666384e+00
4.954351829959786642e+02 7.633978763272954104e+00
4.962079195869504815e+02 7.670738325829556281e+00
4.969805819252054562e+02 7.630274459689495359e+00
4.977531699951354085e+02 7.668653070896480628e+00
4.985256837811321020e+02 7.590111438452670001e+00
4.992981232675873571e+02 7.540986036147972804e+00
5.000704884388929941e+02 7.589651255322128698e+00
5.008427792794407765e+02 7.559778047455961492e+00
5.016149957736225247e+02 7.475205219986237992e+00
5.023871379058300022e+02 7.381321810006759243e+00
5.031592056604550294e+02 7.347479414920303320e+00
5.039311990218894266e+02 7.302391880736343488e+00
5.047031179745249574e+02 7.286707053775164589e+00
5.054749625027534421e+02 7.278188635528740846e+00
5.062467325909666442e+02 7.211935543048768160e+00
5.070184282235563842e+02 7.102384462843344792e+00
5.077900493849144254e+02 6.974113364632260392e+00
5.085615960594326452e+02 6.921230398884433477e+00
5.093330682315027502e+02 6.925042000285011490e+00
5.101044658855165608e+02 6.915193153640613488e+00
5.108757890058659541e+02 6.855353716920092211e+00
5.116470375769426369e+02 6.739107395794047939e+00
5.124182115831384863e+02 6.675171796062748797e+00
5.131893110088451522e+02 6.495727367754224879e+00
5.139603358384545118e+02 6.469267305260617995e+00
5.147312860563584991e+02 6.495608268164807519e+00
5.155021616469487071e+02 6.487422283249088650e+00
5.162729625946170700e+02 6.409469597078294001e+00
5.170436888837552942e+02 6.317703342936995980e+00
5.178143404987552003e+02 6.166725640188104762e+00
5.185849174240086086e+02 6.146255487031425879e+00
5.193554196439073394e+02 6.116582327950534470e+00
5.201258471428432131e+02 6.111772123107541255e+00
5.208961999052078227e+02 6.039607945833195046e+00
5.216664779153932159e+02 5.964472911575816383e+00
5.224366811577910994e+02 5.903529339455500846e+00
5.232068096167931799e+02 5.818633950469985550e+00
5.239768632767913914e+02 5.736031436086105550e+00
5.247468421221774406e+02 5.700130392546971514e+00
5.255167461373431479e+02 5.697299581901926757e+00
5.262865753066803336e+02 5.680693136357366058e+00
5.270563296145808181e+02 5.582842445216551042e+00
5.278260090454364217e+02 5.527068297322568213e+00
5.285956135836387375e+02 5.483613646248574724e+00
5.293651432135798132e+02 5.397574311329424113e+00
5.301345979196513554e+02 5.329575447326456938e+00
5.309039776862450708e+02 5.349362177663477880e+00
5.316732824977528935e+02 5.349132951385648482e+00
5.324425123385665302e+02 5.279967207964019416e+00
5.332116671930778011e+02 5.182123330516505533e+00
5.339807470456784131e+02 5.218014852411992699e+00
5.347497518807604138e+02 5.116950486734407555e+00
5.355186816827153962e+02 5.033355198593790547e+00
5.362875364359351806e+02 4.991517728963519751e+00
5.370563161248117012e+02 5.027737204710332364e+00
5.378250207337365509e+02 5.029764271702837242e+00
5.385936502471015501e+02 4.981827362783254998e+00
5.393622046492987465e+02 4.936027168792158193e+00
5.401306839247196194e+02 4.907700428731444298e+00
5.408990880577562166e+02 4.786497251437745071e+00
5.416674170328001310e+02 4.754437507899864634e+00
5.424356708342432967e+02 4.750841276057665041e+00
5.432038494464774203e+02 4.745346308653123124e+00
5.439719528538944360e+02 4.714085097031391669e+00
5.447399810408860503e+02 4.705971696609545063e+00
5.455079339918439700e+02 4.685304234772138976e+00
5.462758116911601292e+02 4.630363240392090241e+00
5.470436141232262344e+02 4.530476165668400945e+00
5.478113412724342197e+02 4.529481386897161954e+00
5.485789931231757919e+02 4.514569843843694308e+00
5.493465696598426575e+02 4.444498662494739349e+00
5.501140708668267507e+02 4.469852452689879740e+00
5.508814967285197781e+02 4.489211852501881594e+00
5.516488472293136738e+02 4.465793280352322370e+00
5.524161223536001444e+02 4.402282563752412337e+00
5.531833220857708966e+02 4.321437138274084155e+00
5.539504464102178645e+02 4.290180092377008592e+00
5.547174953113327547e+02 4.300723023111822307e+00
5.554844687735075013e+02 4.318027992361884060e+00
5.562513667811336973e+02 4.255066962088555726e+00
5.570181893186033903e+02 4.254217981778256608e+00
5.577849363703080598e+02 4.333937839297823835e+00
5.585516079206397535e+02 4.270838117271049228e+00
5.593182039539902917e+02 4.168116298206155257e+00
5.600847244547512673e+02 4.182427620179261396e+00
5.608511694073146145e+02 4.164464530209547988e+00
5.616175387960721537e+02 4.108685730277407799e+00
5.623838326054154777e+02 4.100867171617220919e+00
5.631500508197366344e+02 4.105044216703145565e+00
5.639161934234273303e+02 4.121426082153127446e+00
5.646822604008793860e+02 4.077671966935326964e+00
5.654482517364845080e+02 4.066052576459784795e+00
5.662141674146346304e+02 4.077308899762139838e+00
5.669800074197214599e+02 4.050939318012367174e+00
5.677457717361367031e+02 3.927704926921081086e+00
5.685114603482724078e+02 3.937576726261614368e+00
5.692770732405201670e+02 4.009612747394972310e+00
5.700426103972718010e+02 3.950442389822657052e+00
5.708080718029191303e+02 3.962475427997467214e+00
5.715734574418539751e+02 3.972705443870769404e+00
5.723387672984681558e+02 3.949876439992009214e+00
5.731040013571533791e+02 3.914234513504260882e+00
5.738691596023015791e+02 3.857506405327004728e+00
5.746342420183044624e+02 3.852155389804988506e+00
5.753992485895537357e+02 3.842034077959160854e+00
5.761641793004414467e+02 3.822408647556669425e+00
5.769290341353591884e+02 3.829541662678283664e+00
5.776938130786987813e+02 3.807418728342315095e+00
5.784585161148520456e+02 3.785725462613679149e+00
5.792231432282108017e+02 3.822650857566047833e+00
5.799876944031668700e+02 3.825219769869368847e+00
5.807521696241119571e+02 3.761743383437933463e+00
5.815165688754379971e+02 3.741537726590225432e+00
5.822808921415365830e+02 3.752861648656977245e+00
5.830451394067996489e+02 3.753538179903783689e+00
5.838093106556190151e+02 3.701863993709510137e+00
5.845734058723865019e+02 3.646549090215156941e+00
5.853374250414938160e+02 3.732002701933799571e+00
5.861013681473327779e+02 3.735997133063491127e+00
5.868652351742950941e+02 3.767580955110798602e+00
5.876290261067726988e+02 3.753817927409756727e+00
5.883927409291574122e+02 3.663914979804798300e+00
5.891563796258409411e+02 3.622328345468758926e+00
5.899199421812151058e+02 3.595729742238977344e+00
5.906834285796717268e+02 3.582078033683170570e+00
5.914468388056025105e+02 3.583162095884984577e+00
5.922101728433993912e+02 3.614076116375549041e+00
5.929734306774540755e+02 3.648568159573881253e+00
5.937366122921584974e+02 3.602521244087372398e+00
5.944997176719041363e+02 3.588132859061007984e+00
5.952627468010831535e+02 3.623358355476368864e+00
5.960256996640871421e+02 3.606521225902613370e+00
5.967885762453079224e+02 3.549061290827329351e+00
5.975513765291373147e+02 3.490153179764760694e+00
5.983141004999671395e+02 3.511261660446269417e+00
5.990767481421892171e+02 3.528709745402157871e+00
5.998393194401951405e+02 3.535472775320634753e+00
6.006018143783770711e+02 3.515822329402009228e+00
6.013642329411264882e+02 3.480643147965402306e+00
6.021265751128353259e+02 3.436186147942208891e+00
6.028888408778952908e+02 3.508491979475321543e+00
6.036510302206983170e+02 3.489211548049439227e+00
6.044131431256361111e+02 3.480917277450647607e+00
6.051751795771004936e+02 3.491534552679541825e+00
6.059371395594832848e+02 3.529986075472655305e+00
6.066990230571761913e+02 3.469178789687620501e+00
6.074608300545710335e+02 3.452357033056729474e+00
6.082225605360597456e+02 3.402555385373179586e+00
6.089842144860340341e+02 3.407961725544455422e+00
6.097457918888857193e+02 3.379918101242754158e+00
6.105072927290065081e+02 3.403133246764126429e+00
6.112687169907882208e+02 3.404842742129657651e+00
6.120300646586226776e+02 3.444716419056776058e+00
6.127913357169018127e+02 3.444096372658957517e+00
6.135525301500172191e+02 3.408896893754458368e+00
6.143136479423608307e+02 3.394284665387116373e+00
6.150746890783243543e+02 3.408168360186505375e+00
6.158356535422996103e+02 3.316880493065610391e+00
6.165965413186784190e+02 3.390375629153251857e+00
6.173573523918526007e+02 3.321783072995070807e+00
6.181180867462139759e+02 3.348330898015438262e+00
6.188787443661541374e+02 3.356756133282648324e+00
6.196393252360651331e+02 3.356662322397637066e+00
6.203998293403386697e+02 3.349576288905440791e+00
6.211602566633664537e+02 3.325898731887956483e+00
6.219206071895404193e+02 3.387947031145343235e+00
6.226808809032522731e+02 3.304865872379839420e+00
6.234410777888938355e+02 3.297420060450514168e+00
6.242011978308569269e+02 3.335406512352205866e+00
6.249612410135333675e+02 3.294392580224043243e+00
6.257212073213149779e+02 3.247662408977229465e+00
6.264810967385933509e+02 3.302027025867310783e+00
6.272409092497605343e+02 3.235507727099483422e+00
6.280006448392082348e+02 3.229462701173859696e+00
6.287603034913281590e+02 3.289338559272250162e+00
6.295198851905122410e+02 3.281389802954747914e+00
6.302793899211521875e+02 3.266007355013673230e+00
6.310388176676398189e+02 3.267870178563750283e+00
6.317981684143668417e+02 3.218497652938423048e+00
6.325574421457253038e+02 3.235631284846284927e+00
6.333166388461067982e+02 3.239088243916647958e+00
6.340757584999031451e+02 3.252455328326131490e+00
6.348348010915062787e+02 3.280162645673393662e+00
6.355937666053077919e+02 3.189620018639814258e+00
6.363526550256995051e+02 3.176202330597968970e+00
6.371114663370734661e+02 3.203366725985012042e+00
6.378702005238211541e+02 3.166084087565205429e+00
6.386288575703346169e+02 3.114368329937294178e+00
6.393874374610054474e+02 3.139622766827132594e+00
6.401459401802255798e+02 3.214902113751355373e+00
6.409043657123867206e+02 3.130661947634056030e+00
6.416627140418808040e+02 3.196912852531224924e+00
6.424209851530995365e+02 3.195582808097639838e+00
6.431791790304346250e+02 3.094748286842106566e+00
6.439372956582780034e+02 3.148115492218181988e+00
6.446953350210213785e+02 3.174458214731809225e+00
6.454532971030566841e+02 3.212352967652645663e+00
6.462111818887756272e+02 3.116314282872268748e+00
6.469689893625699142e+02 3.017172375431830034e+00
6.477267195088314793e+02 3.065837234629952057e+00
6.484843723119520291e+02 3.053958012008230583e+00
6.492419477563234977e+02 3.050240609629471411e+00
6.499994458263375918e+02 3.036708401542177693e+00
6.507568665063860180e+02 3.099762823254126776e+00
6.515142097808607105e+02 3.141990094581139648e+00
6.522714756341533757e+02 3.094977564721170804e+00
6.530286640506559479e+02 3.103612352223086734e+00
6.537857750147600200e+02 3.081799863532102890e+00
6.545428085108576397e+02 3.126303119291776955e+00
6.552997645233402864e+02 3.059131325334227380e+00
6.560566430366000077e+02 3.059192500804982728e+00
6.568134440350286241e+02 3.061383968373395881e+00
6.575701675030177284e+02 3.045746315733608434e+00
6.583268134249592549e+02 2.995670535234491449e+00
6.590833817852450238e+02 3.039039157608807606e+00
6.598398725682666282e+02 3.003643524694591616e+00
6.605962857584161156e+02 2.949349505959923956e+00
6.613526213400851930e+02 3.006122808941123825e+00
6.621088792976656805e+02 3.014403189045718356e+00
6.628650596155492849e+02 3.101865311897818778e+00
6.636211622781279402e+02 3.098465227356817842e+00
6.643771872697933532e+02 3.029411067050074013e+00
6.651331345749372304e+02 3.048309020126643620e+00
6.658890041779516196e+02 3.007327744449478146e+00
6.666447960632281138e+02 2.973311548691725648e+00
6.674005102151585334e+02 2.953758054918803833e+00
6.681561466181346987e+02 2.946811813479385034e+00
6.689117052565484300e+02 2.949689570105162861e+00
6.696671861147915479e+02 2.935765944578374587e+00
6.704225891772557588e+02 2.919793585661983215e+00
6.711779144283329970e+02 2.953291790637943670e+00
6.719331618524149690e+02 2.966274816528969627e+00
6.726883314338933815e+02 2.924601094712739879e+00
6.734434231571602822e+02 2.928486430510115479e+00
6.741984370066072643e+02 2.991674701273375092e+00
6.749533729666261479e+02 2.958538394370158198e+00
6.757082310216087535e+02 2.969423011727321704e+00
6.764630111559469015e+02 3.041279895955752544e+00
6.772177133540324121e+02 2.926693840364397836e+00
6.779723376002569921e+02 2.945619693510499459e+00
6.787268838790125756e+02 2.920176271484537178e+00
6.794813521746907554e+02 2.872841608406841551e+00
6.802357424716834657e+02 2.852661266416290697e+00
6.809900547543825269e+02 2.889412753646218412e+00
6.817442890071797592e+02 2.899560602615962157e+00
6.824984452144668694e+02 2.907964205307584926e+00
6.832525233606356778e+02 2.902434041763321648e+00
6.840065234300778911e+02 2.850389000444804033e+00
6.847604454071854434e+02 2.897825032490979336e+00
6.855142892763501550e+02 2.871277677728502287e+00
6.862680550219637325e+02 2.894581404303199879e+00
6.870217426284179965e+02 2.925103176169652652e+00
6.877753520801047671e+02 2.968117070686009829e+00
6.885288833614157511e+02 2.956527463631950958e+00
6.892823364567428825e+02 2.934267412858236668e+00
6.900357113504778681e+02 2.877271611541662999e+00
6.907890080270126418e+02 2.878078540166224997e+00
6.915422264707386830e+02 2.907695560890286135e+00
6.922953666660481531e+02 2.754339617575792154e+00
6.930484285973326450e+02 2.783121453665503342e+00
6.938014122489839792e+02 2.856361374284978272e+00
6.945543176053939760e+02 2.863996690082232899e+00
6.953071446509544558e+02 2.952550333688519935e+00
6.960598933700572388e+02 2.847634810727872612e+00
6.968125637470939182e+02 2.817249677501447280e+00
6.975651557664566553e+02 2.826627937862533635e+00
6.983176694125369295e+02 2.828296256232482708e+00
6.990701046697266747e+02 2.824501588736083590e+00
6.998224615224175977e+02 2.870746132354730751e+00
7.005747399550016326e+02 3.023880201214047769e+00
7.013269399518704859e+02 2.943627366545920943e+00
7.020790614974159780e+02 2.881200741886737138e+00
7.028311045760299294e+02 2.847075546557286785e+00
7.035830691721040466e+02 2.892148328188588469e+00
7.043349552700301501e+02 2.842429728136001810e+00
7.050867628542001739e+02 2.879477625927538753e+00
7.058384919090058247e+02 2.839494701012276412e+00
7.065901424188389228e+02 2.890276370978158038e+00
7.073417143680911749e+02 2.783159513428379306e+00
7.080932077411544014e+02 2.783991670401713581e+00
7.088446225224204227e+02 2.872235368756121510e+00
7.095959586962811727e+02 2.823372799819688694e+00
7.103472162471282445e+02 2.864050273984333206e+00
7.110983951593535721e+02 2.951741096398090125e+00
7.118494954173488622e+02 2.821351454454487762e+00
7.126005170055059352e+02 2.805302168378431826e+00
7.133514599082166114e+02 2.934844711412887275e+00
7.141023241098727112e+02 2.887636989924205366e+00
7.148531095948660550e+02 2.882007530455523714e+00
7.156038163475882357e+02 2.890622192138237345e+00
7.163544443524313010e+02 2.984971994636118620e+00
7.171049935937869577e+02 2.933298361462673309e+00
7.178554640560469124e+02 2.915748806640490631e+00
7.186058557236030992e+02 2.875371868449758672e+00
7.193561685808472248e+02 2.857245227406761234e+00
7.201064026121711095e+02 2.824304436972348231e+00
7.208565578019665736e+02 2.797375816614499300e+00
7.216066341346254376e+02 2.857161473502914273e+00
7.223566315945395218e+02 2.932319060756915174e+00
7.231065501661004191e+02 2.918559903225651286e+00
7.238563898337001774e+02 2.875019052849134393e+00
7.246061505817305033e+02 2.878436543713742690e+00
7.253558323945831035e+02 2.883311570800362045e+00
7.261054352566499119e+02 2.799551478494429979e+00
7.268549591523226354e+02 2.835451147454480569e+00
7.276044040659930943e+02 2.923983907543131533e+00
7.283537699820529951e+02 2.931122744212497633e+00
7.291030568848943858e+02 2.938847090412470831e+00
7.298522647589088592e+02 2.942235960040817666e+00
7.306013935884882358e+02 2.982635168274922144e+00
7.313504433580244495e+02 2.972208177544823915e+00
7.320994140519090934e+02 2.962516985906253897e+00
7.328483056545339878e+02 3.015071393479635375e+00
7.335971181502911804e+02 2.954402510150029748e+00
7.343458515235721507e+02 2.906672490315818980e+00
7.350945057587689462e+02 2.941783679086339198e+00
7.358430808402731600e+02 2.955700248844236544e+00
7.365915767524767261e+02 2.823055730452850298e+00
7.373399934797713513e+02 2.761615677474523523e+00
7.380883310065489695e+02 2.794111438462920205e+00
7.388365893172012875e+02 2.895620349123441351e+00
7.395847683961200119e+02 2.983819353300257493e+00
7.403328682276970767e+02 2.971690243956972122e+00
7.410808887963241887e+02 2.844876641420296615e+00
7.418288300863932818e+02 2.872858600336740675e+00
7.425766920822960628e+02 2.852039349135230051e+00
7.433244747684242384e+02 3.010348769511303590e+00
7.440721781291697425e+02 3.054572517534562159e+00
7.448198021489242819e+02 2.949518602136093737e+00
7.455673468120797907e+02 2.974804553919648598e+00
7.463148121030279754e+02 3.072759231383926704e+00
7.470621980061605427e+02 3.037638252221638080e+00
7.478095045058694268e+02 2.974068571649076898e+00
7.485567315865463343e+02 3.021808231422265401e+00
7.493038792325831992e+02 3.038314121431200387e+00
7.500509474283716145e+02 2.891874912250895324e+00
7.507979361583036280e+02 2.882420821811103373e+00
7.515448454067707189e+02 2.930507023874424632e+00
7.522916751581649351e+02 2.895071344743831876e+00
7.530384253968780968e+02 2.836206553103817196e+00
7.537850961073017970e+02 2.955394938685698136e+00
7.545316872738279699e+02 2.963343141211133958e+00
7.552781988808484357e+02 2.927246104777466496e+00
7.560246309127547875e+02 2.976629238269616451e+00
7.567709833539390729e+02 2.996843082053379792e+00
7.575172561887929987e+02 2.987336232806963920e+00
7.582634494017083853e+02 2.943416089388116941e+00
7.590095629770769392e+02 2.870909691192501167e+00
7.597555968992905946e+02 2.957631276013627630e+00
7.605015511527410581e+02 3.124774583471237932e+00
7.612474257218200364e+02 3.052602569843949620e+00
7.619932205909195773e+02 3.014992242162468639e+00
7.627389357444312736e+02 3.001410419986849210e+00
7.634845711667469459e+02 3.022595033256094244e+00
7.642301268422584144e+02 2.988796657645375721e+00
7.649756027553574995e+02 3.019755621945844570e+00
7.657209988904360216e+02 3.065093765548013494e+00
7.664663152318856874e+02 3.127744978949686949e+00
7.672115517640984308e+02 3.023088138224178767e+00
7.679567084714659586e+02 2.982916157853719330e+00
7.687017853383799775e+02 2.994792198914200565e+00
7.694467823492325351e+02 3.031933005433846695e+00
7.701916994884152246e+02 2.939079398408742438e+00
7.709365367403198661e+02 2.834901362921982582e+00
7.716812940893382802e+02 3.021101081313660508e+00
7.724259715198622871e+02 3.051614110438568339e+00
7.731705690162837072e+02 3.089487164808621511e+00
7.739150865629942473e+02 2.963225681806901601e+00
7.746595241443858413e+02 2.902629800519875847e+00
7.754038817448500822e+02 3.067238014760416132e+00
7.761481593487789041e+02 3.189692402322359843e+00
7.768923569405641274e+02 3.155319510143695272e+00
7.776364745045975724e+02 3.171846722063027979e+00
7.783805120252709457e+02 3.150747609467013266e+00
7.791244694869760679e+02 3.260506693992892391e+00
7.798683468741046454e+02 3.309932128436186005e+00
7.806121441710486124e+02 3.232494547195091883e+00
7.813558613621997893e+02 3.213019599078386523e+00
7.820994984319498826e+02 3.233253684090740432e+00
7.828430553646907128e+02 3.152227683542195624e+00
7.835865321448141003e+02 3.146411083326948521e+00
7.843299287567117517e+02 3.102895301340858669e+00
7.850732451847756010e+02 3.120233400809129254e+00
7.858164814133973550e+02 3.180001797275578745e+00
7.865596374269689477e+02 3.165698577223297505e+00
7.873027132098818583e+02 3.151065109804455755e+00
7.880457087465282484e+02 3.050473727307038807e+00
7.887886240212997109e+02 3.026166199238901289e+00
7.895314590185880661e+02 3.164994691311841191e+00
7.902742137227851345e+02 3.258996923108556931e+00
7.910168881182827363e+02 3.142783236482108222e+00
7.917594821894726920e+02 2.965267193685486191e+00
7.925019959207465945e+02 3.095925332793510343e+00
7.932444292964966053e+02 3.117897253071928887e+00
7.939867823011142036e+02 3.142712977033265354e+00
7.947290549189913236e+02 3.252066094757199544e+00
7.954712471345196718e+02 3.397728208332026156e+00
7.962133589320911824e+02 3.376752837928074680e+00
7.969553902960975620e+02 3.363887685829580754e+00
7.976973412109306310e+02 3.279608522758250100e+00
7.984392116609822097e+02 3.119411194661497966e+00
7.991810016306440048e+02 3.200586807531079714e+00
7.999227111043078366e+02 3.350376198331892930e+00
8.006643400663656394e+02 3.307625147275996103e+00
8.014058885012091196e+02 3.249680153971096885e+00
8.021473563932300976e+02 3.238208790814396387e+00
8.028887437268202802e+02 3.214975402158354978e+00
8.036300504863714878e+02 3.243720518830163435e+00
8.043712766562755405e+02 3.232093743105465933e+00
8.051124222209243726e+02 3.171138695732333090e+00
8.058534871647095770e+02 3.390338244621671215e+00
8.065944714720230877e+02 3.417336057099098490e+00
8.073353751272566114e+02 3.265219057437508177e+00
8.080761981148019686e+02 3.188662268169774716e+00
8.088169404190509795e+02 3.112324669716350023e+00
8.095576020243954645e+02 3.135534875136812616e+00
8.102981829152272439e+02 3.126830835182055512e+00
8.110386830759379109e+02 3.289748652479238977e+00
8.117791024909195130e+02 3.267498153837700592e+00
8.125194411445637570e+02 3.227353757405020396e+00
8.132596990212623496e+02 3.203968613853696468e+00
8.139998761054072247e+02 3.349665483151862855e+00
8.147399723813900891e+02 3.559115534229878808e+00
8.154799878336027632e+02 3.402424264027986034e+00
8.162199224464370673e+02 3.364223397001525839e+00
8.169597762042848217e+02 3.421362278680192937e+00
8.176995490915378468e+02 3.477165052880090812e+00
8.184392410925877357e+02 3.456505251746513796e+00
8.191788521918265360e+02 3.301787853660785643e+00
8.199183823736459544e+02 3.396535483132043343e+00
8.206578316224376977e+02 3.464944621182334039e+00
8.213971999225936997e+02 3.469168964787091358e+00
8.221364872585056673e+02 3.454725559217459718e+00
8.228756936145654208e+02 3.561057352806952014e+00
8.236148189751646669e+02 3.364619252272308625e+00
8.243538633246954532e+02 3.401429877682155212e+00
8.250928266475493729e+02 3.306540751271484169e+00
8.258317089281182461e+02 3.225832025109529599e+00
8.265705101507940071e+02 3.253615685498868260e+00
8.273092302999682488e+02 3.371330676203320831e+00
8.280478693600327915e+02 3.306952750394978047e+00
8.287864273153796830e+02 3.315071139535062272e+00
8.295249041504004026e+02 3.464682242872174189e+00
8.302632998494869980e+02 3.355199920369177580e+00
8.310016143970310623e+02 3.264310021274859697e+00
8.317398477774245293e+02 3.274531716365868039e+00
8.324779999750591060e+02 3.344863485909918666e+00
8.332160709743267262e+02 3.352866108590256911e+00
8.339540607596190966e+02 3.505819903069669952e+00
8.346919693153279241e+02 3.456040465117138805e+00
8.354297966258451424e+02 3.318208069724096543e+00
8.361675426755624585e+02 3.404009143660980730e+00
8.369052074488718063e+02 3.630773488307734720e+00
8.376427909301648924e+02 3.606993295618701190e+00
8.383802931038334236e+02 3.490459470015832455e+00
8.391177139542693340e+02 3.631089012443158293e+00
8.398550534658643301e+02 3.520501847642510285e+00
8.405923116230103460e+02 3.718313793293845926e+00
8.413294884100990885e+02 3.613426143308254623e+00
8.420665838115222641e+02 3.471389788052250847e+00
8.428035978116718070e+02 3.479835675535592365e+00
8.435405303949394238e+02 3.523207611804147099e+00
8.442773815457170485e+02 3.498523507364426077e+00
8.450141512483962742e+02 3.491200497479128639e+00
8.457508394873691486e+02 3.430507783151765633e+00
8.464874462470271510e+02 3.347664792560114400e+00
8.472239715117623291e+02 3.431982679680357418e+00
8.479604152659665033e+02 3.426928214515410964e+00
8.486967774940312665e+02 3.326629981336529873e+00
8.494330581803485529e+02 3.442535046183214043e+00
8.501692573093101828e+02 3.477535548260685783e+00
8.509053748653077491e+02 3.406271669500699595e+00
8.516414108327332997e+02 3.237101030001106050e+00
8.523773651959785411e+02 3.253904245684237306e+00
8.531132379394352938e+02 3.361470181999452134e+00
8.538490290474952644e+02 3.470310900306166957e+00
8.545847385045503870e+02 3.560137006009788330e+00
8.553203662949923682e+02 3.383755273556332543e+00
8.560559124032129148e+02 3.434499146965634964e+00
8.567913768136040744e+02 3.535936842338923469e+00
8.575267595105574401e+02 3.551203441826391138e+00
8.582620604784648322e+02 3.519358604043841154e+00
8.589972797017180710e+02 3.636208378558050569e+00
8.597324171647089770e+02 3.436373462996358707e+00
8.604674728518293705e+02 3.543025592900085119e+00
8.612024467474709581e+02 3.618350913665753232e+00
8.619373388360256740e+02 3.793866288425092659e+00
8.626721491018852248e+02 3.675379788680254833e+00
8.634068775294413172e+02 3.589222087823674023e+00
8.641415241030859988e+02 3.613008512284870744e+00
8.648760888072108628e+02 3.622427816480061402e+00
8.656105716262077294e+02 3.689279409120037823e+00
8.663449725444684191e+02 3.634902538470077271e+00
8.670792915463847521e+02 3.505827662974613013e+00
8.678135286163485489e+02 3.508800014949591706e+00
8.685476837387515161e+02 3.486231135915033086e+00
8.692817568979855878e+02 3.491111126030769007e+00
8.700157480784423569e+02 3.423123441858169080e+00
8.707496572645137576e+02 3.460828451737385070e+00
8.714834844405916101e+02 3.582661086446654153e+00
8.722172295910677349e+02 3.604093234792495437e+00
8.729508927003338385e+02 3.415042160661002857e+00
8.736844737527817415e+02 3.351636028378124355e+00
8.744179727328031504e+02 3.295464719859499070e+00
8.751513896247899993e+02 3.475112304746305281e+00
8.758847244131341085e+02 3.420214014595518659e+00
8.766179770822271848e+02 3.421123526542780180e+00
8.773511476164610485e+02 3.428930870497531647e+00
8.780842360002275200e+02 3.371264613552252154e+00
8.788172422179183059e+02 3.498838570441071383e+00
8.795501662539253402e+02 3.507412122085372896e+00
8.802830080926403298e+02 3.392790799533282442e+00
8.810157677184552085e+02 3.495695865858564844e+00
8.817484451157614558e+02 3.568164774200701217e+00
8.824810402689512330e+02 3.644663283736131465e+00
8.832135531624161331e+02 3.692507853157672493e+00
8.839459837805479765e+02 3.646943868325971394e+00
8.846783321077385835e+02 3.525812143417237365e+00
8.854105981283797746e+02 3.695345063668333374e+00
8.861427818268633700e+02 3.696852046808535963e+00
8.868748831875809628e+02 3.694684222643822125e+00
8.876069021949247144e+02 3.689216064133200135e+00
8.883388388332861041e+02 3.646180184462302076e+00
8.890706930870570659e+02 3.603198872770287498e+00
8.898024649406293065e+02 3.565281899109791652e+00
8.905341543783947600e+02 3.707364792407206622e+00
8.912657613847451330e+02 3.605417497358452295e+00
8.919972859440722459e+02 3.565678610022964268e+00
8.927287280407679191e+02 3.577639286115725348e+00
8.934600876592238592e+02 3.524492111252828241e+00
8.941913647838318866e+02 3.422765483861538005e+00
8.949225593989839354e+02 3.505265205550512242e+00
8.956536714890717121e+02 3.528323642555703188e+00
8.963847010384870373e+02 3.429725002492963526e+00
8.971156480316216175e+02 3.335532830309145602e+00
8.978465124528672732e+02 3.297318485935738952e+00
8.985772942866158246e+02 3.327620524883464270e+00
8.993079935172592059e+02 3.384468044291299993e+00
9.000386101291890100e+02 3.444132236732230012e+00
9.007691441067971709e+02 3.373340579147581231e+00
9.014995954344753955e+02 3.390698146623198905e+00
9.022299640966155039e+02 3.375353625039873240e+00
9.029602500776093166e+02 3.348693879121302341e+00
9.036904533618486539e+02 3.376328261984793855e+00
9.044205739337253362e+02 3.453058701973979350e+00
9.051506117776309566e+02 3.519402494475995624e+00
9.058805668779575626e+02 3.368995089317486258e+00
9.066104392190968611e+02 3.400947115240670726e+00
9.073402287854405586e+02 3.505799838144051606e+00
9.080699355613805892e+02 3.481390884026676957e+00
9.087995595313086596e+02 3.547472697509553186e+00
9.095291006796165902e+02 3.632250811180053329e+00
9.102585589906962014e+02 3.541824957761798398e+00
9.109879344489393134e+02 3.630191575081535671e+00
9.117172270387377466e+02 3.606186498039132715e+00
9.124464367444830941e+02 3.617853024879571056e+00
9.131755635505674036e+02 3.549028131404085684e+00
9.139046074413823817e+02 3.664450870381677827e+00
9.146335684013197351e+02 3.495094625327626492e+00
9.153624464147713979e+02 3.356934753429605234e+00
9.160912414661290768e+02 3.474000593776655599e+00
9.168199535397845921e+02 3.589732835633100194e+00
9.175485826201296504e+02 3.521185464676267696e+00
9.182771286915562996e+02 3.496308329758786027e+00
9.190055917384561326e+02 3.388384521342346023e+00
9.197339717452209698e+02 3.355969447685987372e+00
9.204622686962427451e+02 3.297893298592355027e+00
9.211904825759130517e+02 3.236686913053160364e+00
9.219186133686237099e+02 3.227954145902044214e+00
9.226466610587667674e+02 3.249838198607863937e+00
9.233746256307337035e+02 3.264728022468037949e+00
9.241025070689165659e+02 3.303671108015564961e+00
9.248303053577069477e+02 3.260480030786717442e+00
9.255580204814967828e+02 3.219027925082803776e+00
9.262856524246777781e+02 3.208619663384624232e+00
9.270132011716418674e+02 3.229973114275118018e+00
9.277406667067807575e+02 3.189843606566371559e+00
9.284680490144861551e+02 3.231136403788190670e+00
9.291953480791499942e+02 3.275584851024917477e+00
9.299225638851639815e+02 3.210594543697177006e+00
9.306496964169200510e+02 3.178661721113094529e+00
9.313767456588099094e+02 3.202850624931465884e+00
9.321037115952252634e+02 3.264243484062948841e+00
9.328305942105580471e+02 3.216246176678189350e+00
9.335573934891999670e+02 3.267838926480824302e+00
9.342841094155429573e+02 3.327084995904362685e+00
9.350107419739787247e+02 3.279531060567052236e+00
9.357372911488989757e+02 3.193051264542264622e+00
9.364637569246956446e+02 3.176489185685831274e+00
9.371901392857604378e+02 3.333755936059000557e+00
9.379164382164852896e+02 3.393993487030374734e+00
9.386426537012617928e+02 3.462913484244983131e+00
9.393687857244819952e+02 3.407965035154337130e+00
9.400948342705373761e+02 3.286487552864875816e+00
9.408207993238199833e+02 3.331220547975261237e+00
9.415466808687216371e+02 3.431864811429850448e+00
9.422724788896339305e+02 3.378336917685986318e+00
9.429981933709487976e+02 3.384630529189273318e+00
9.437238242970580586e+02 3.304979324144909913e+00
9.444493716523533067e+02 3.308648015346783655e+00
9.451748354212265895e+02 3.235710870715428733e+00
9.459002155880696137e+02 3.206522328869620075e+00
9.466255121372741996e+02 3.201865695676390455e+00
9.473507250532320541e+02 3.173506369495865176e+00
9.480758543203351110e+02 3.188739784655466813e+00
9.488008999229750771e+02 3.225056329077358175e+00
9.495258618455436590e+02 3.140814863968148352e+00
9.502507400724329045e+02 3.180980813339643554e+00
9.509755345880344066e+02 3.207710723232564121e+00
9.517002453767399857e+02 3.105233476201218146e+00
9.524248724229414620e+02 3.017252283390448486e+00
9.531494157110306560e+02 3.035688374223306063e+00
9.538738752253993880e+02 2.999930902641822161e+00
9.545982509504393647e+02 2.979018471405926682e+00
9.553225428705425202e+02 2.933116843601843104e+00
9.560467509701005611e+02 2.975671343812388958e+00
9.567708752335051940e+02 2.919048194837733146e+00
9.574949156451484669e+02 2.815279937406530042e+00
9.582188721894219725e+02 2.881449903190407724e+00
9.589427448507175313e+02 2.900225399316721298e+00
9.596665336134269637e+02 3.001087971567676593e+00
9.603902384619420900e+02 2.978136289736443842e+00
9.611138593806547306e+02 2.924343840006490058e+00
9.618373963539565921e+02 2.941105314654690606e+00
9.625608493662396086e+02 3.034149038684345268e+00
9.632842184018953731e+02 3.033027885819763902e+00
9.640075034453158196e+02 2.992172940737979570e+00
9.647307044808927685e+02 2.974592467123294171e+00
9.654538214930180402e+02 3.012265147687077871e+00
9.661768544660833413e+02 3.072696616688033178e+00
9.668998033844804922e+02 3.032675256660561924e+00
9.676226682326011996e+02 2.965448268157613310e+00
9.683454489948373975e+02 2.897725945871355346e+00
9.690681456555809064e+02 3.096445847706318144e+00
9.697907581992234327e+02 3.178008636476678639e+00
9.705132866101567970e+02 3.091772707031724021e+00
9.712357308727728196e+02 3.096524776998148987e+00
9.719580909714632071e+02 3.085118246337907877e+00
9.726803668906198936e+02 3.045261224154544699e+00
9.734025586146345859e+02 2.998003975869746540e+00
9.741246661278992178e+02 2.995000951018416568e+00
9.748466894148052688e+02 3.052789387798073406e+00
9.755686284597449003e+02 3.144218276310090765e+00
9.762904832471097052e+02 3.211282067448316901e+00
9.770122537612915039e+02 3.005986228367446333e+00
9.777339399866821168e+02 2.938040987145845939e+00
9.784555419076733642e+02 2.969486329687468729e+00
9.791770595086570665e+02 2.967869360945125656e+00
9.798984927740248168e+02 2.998751740473594385e+00
9.806198416881687763e+02 2.932035903807522548e+00
9.813411062354804244e+02 2.887846725238513379e+00
9.820622864003516952e+02 2.835524878773316715e+00
9.827833821671742953e+02 2.749215822345593363e+00
9.835043935203401588e+02 2.797364016147862564e+00
9.842253204442409924e+02 2.841002540893240003e+00
9.849461629232686164e+02 2.782776614248695601e+00
9.856669209418148512e+02 2.781852790048211954e+00
9.863875944842714034e+02 2.857829940784146316e+00
9.871081835350300935e+02 2.785463071512308986e+00
9.878286880784828554e+02 2.738000206491384425e+00
9.885491080990213959e+02 -4.090909090909090828e+00
9.892694435810375353e+02 -3.763636363636363313e+01
9.899896945089229803e+02 -1.168831168831169087e+01
9.907098608670695512e+02 1.022727272727272707e+00
